# This file was produced by bcftools stats (1.11+htslib-1.11) and can be plotted using plot-vcfstats.
# The command line was:	bcftools stats  -s- 1_HICF2_trios.rare.vcf.gz
#
# Definition of sets:
# ID	[2]id	[3]tab-separated file names
ID	0	1_HICF2_trios.rare.vcf.gz
# SN, Summary numbers:
#   number of records   .. number of data rows in the VCF
#   number of no-ALTs   .. reference-only sites, ALT is either "." or identical to REF
#   number of SNPs      .. number of rows with a SNP
#   number of MNPs      .. number of rows with a MNP, such as CC>TT
#   number of indels    .. number of rows with an indel
#   number of others    .. number of rows with other type, for example a symbolic allele or
#                          a complex substitution, such as ACT>TCGA
#   number of multiallelic sites     .. number of rows with multiple alternate alleles
#   number of multiallelic SNP sites .. number of rows with multiple alternate alleles, all SNPs
# 
#   Note that rows containing multiple types will be counted multiple times, in each
#   counter. For example, a row with a SNP and an indel increments both the SNP and
#   the indel counter.
# 
# SN	[2]id	[3]key	[4]value
SN	0	number of samples:	183
SN	0	number of records:	11051854
SN	0	number of no-ALTs:	0
SN	0	number of SNPs:	10115068
SN	0	number of MNPs:	0
SN	0	number of indels:	936714
SN	0	number of others:	72
SN	0	number of multiallelic sites:	0
SN	0	number of multiallelic SNP sites:	0
# TSTV, transitions/transversions:
# TSTV	[2]id	[3]ts	[4]tv	[5]ts/tv	[6]ts (1st ALT)	[7]tv (1st ALT)	[8]ts/tv (1st ALT)
TSTV	0	6862843	3252225	2.11	6862843	3252225	2.11
# SiS, Singleton stats:
# SiS	[2]id	[3]allele count	[4]number of SNPs	[5]number of transitions	[6]number of transversions	[7]number of indels	[8]repeat-consistent	[9]repeat-inconsistent	[10]not applicable
SiS	0	1	2609597	1770200	839397	241838	0	0	241838
# AF, Stats by non-reference allele frequency:
# AF	[2]id	[3]allele frequency	[4]number of SNPs	[5]number of transitions	[6]number of transversions	[7]number of indels	[8]repeat-consistent	[9]repeat-inconsistent	[10]not applicable
AF	0	0.000000	8457147	5746319	2710828	713960	0	0	713960
AF	0	0.005464	1113388	757060	356328	155215	0	0	155215
AF	0	0.010929	313502	213052	100450	37150	0	0	37150
AF	0	0.016393	115446	77666	37780	13750	0	0	13750
AF	0	0.021858	46291	30481	15810	5877	0	0	5877
AF	0	0.027322	18025	11265	6760	2693	0	0	2693
AF	0	0.032787	8546	4958	3588	1405	0	0	1405
AF	0	0.038251	5790	3142	2648	1019	0	0	1019
AF	0	0.043716	4133	2183	1950	814	0	0	814
AF	0	0.049180	3560	1821	1739	627	0	0	627
AF	0	0.054645	3175	1641	1534	577	0	0	577
AF	0	0.060109	2741	1410	1331	525	0	0	525
AF	0	0.065574	2537	1347	1190	412	0	0	412
AF	0	0.071038	2357	1213	1144	416	0	0	416
AF	0	0.076503	2038	1032	1006	377	0	0	377
AF	0	0.081967	1677	819	858	284	0	0	284
AF	0	0.087432	1496	764	732	227	0	0	227
AF	0	0.092896	1315	684	631	202	0	0	202
AF	0	0.098361	1230	656	574	169	0	0	169
AF	0	0.103825	945	486	459	128	0	0	128
AF	0	0.109290	890	459	431	106	0	0	106
AF	0	0.114754	772	401	371	85	0	0	85
AF	0	0.120219	723	371	352	69	0	0	69
AF	0	0.125683	510	248	262	44	0	0	44
AF	0	0.131148	526	258	268	49	0	0	49
AF	0	0.136612	369	176	193	31	0	0	31
AF	0	0.142077	488	229	259	40	0	0	40
AF	0	0.147541	309	140	169	22	0	0	22
AF	0	0.153005	320	164	156	28	0	0	28
AF	0	0.158470	243	130	113	18	0	0	18
AF	0	0.163934	425	227	198	41	0	0	41
AF	0	0.169399	185	90	95	14	0	0	14
AF	0	0.174863	198	109	89	9	0	0	9
AF	0	0.180328	182	80	102	16	0	0	16
AF	0	0.185792	163	81	82	11	0	0	11
AF	0	0.191257	140	69	71	9	0	0	9
AF	0	0.196721	263	124	139	26	0	0	26
AF	0	0.202186	133	49	84	14	0	0	14
AF	0	0.207650	82	43	39	3	0	0	3
AF	0	0.213115	154	81	73	9	0	0	9
AF	0	0.218579	127	57	70	8	0	0	8
AF	0	0.224044	83	40	43	2	0	0	2
AF	0	0.229508	106	41	65	5	0	0	5
AF	0	0.234973	69	38	31	7	0	0	7
AF	0	0.240437	44	20	24	3	0	0	3
AF	0	0.245902	290	146	144	26	0	0	26
AF	0	0.251366	48	22	26	0	0	0	0
AF	0	0.256831	45	25	20	6	0	0	6
AF	0	0.262295	47	19	28	3	0	0	3
AF	0	0.267760	81	38	43	4	0	0	4
AF	0	0.273224	67	37	30	5	0	0	5
AF	0	0.278689	27	10	17	2	0	0	2
AF	0	0.284153	107	58	49	10	0	0	10
AF	0	0.289617	37	22	15	8	0	0	8
AF	0	0.295082	88	53	35	13	0	0	13
AF	0	0.300546	30	14	16	3	0	0	3
AF	0	0.306011	73	34	39	6	0	0	6
AF	0	0.311475	36	18	18	3	0	0	3
AF	0	0.316940	31	15	16	0	0	0	0
AF	0	0.322404	21	12	9	2	0	0	2
AF	0	0.327869	195	97	98	17	0	0	17
AF	0	0.333333	22	8	14	4	0	0	4
AF	0	0.338798	18	9	9	5	0	0	5
AF	0	0.344262	50	29	21	3	0	0	3
AF	0	0.349727	13	4	9	0	0	0	0
AF	0	0.355191	44	23	21	5	0	0	5
AF	0	0.360656	25	15	10	3	0	0	3
AF	0	0.366120	11	6	5	1	0	0	1
AF	0	0.371585	63	37	26	5	0	0	5
AF	0	0.377049	11	5	6	2	0	0	2
AF	0	0.382514	28	11	17	6	0	0	6
AF	0	0.387978	16	8	8	1	0	0	1
AF	0	0.393443	56	26	30	3	0	0	3
AF	0	0.398907	9	4	5	2	0	0	2
AF	0	0.404372	14	7	7	0	0	0	0
AF	0	0.409836	23	12	11	1	0	0	1
AF	0	0.415301	8	3	5	0	0	0	0
AF	0	0.420765	15	9	6	2	0	0	2
AF	0	0.426230	30	13	17	1	0	0	1
AF	0	0.431694	23	11	12	2	0	0	2
AF	0	0.437158	16	8	8	4	0	0	4
AF	0	0.442623	13	7	6	2	0	0	2
AF	0	0.448087	17	8	9	4	0	0	4
AF	0	0.453552	16	9	7	1	0	0	1
AF	0	0.459016	11	6	5	2	0	0	2
AF	0	0.464481	9	3	6	2	0	0	2
AF	0	0.469945	5	1	4	1	0	0	1
AF	0	0.475410	5	4	1	0	0	0	0
AF	0	0.480874	1	1	0	0	0	0	0
AF	0	0.497268	211	106	105	25	0	0	25
AF	0	0.508197	1	0	1	0	0	0	0
AF	0	0.513661	4	4	0	0	0	0	0
AF	0	0.519126	8	5	3	1	0	0	1
AF	0	0.524590	8	6	2	0	0	0	0
AF	0	0.530055	7	4	3	1	0	0	1
AF	0	0.535519	8	3	5	0	0	0	0
AF	0	0.540984	10	5	5	1	0	0	1
AF	0	0.546448	7	2	5	0	0	0	0
AF	0	0.551913	9	6	3	0	0	0	0
AF	0	0.557377	7	4	3	0	0	0	0
AF	0	0.562842	2	0	2	1	0	0	1
AF	0	0.568306	4	2	2	1	0	0	1
AF	0	0.573770	2	2	0	0	0	0	0
AF	0	0.579235	6	3	3	0	0	0	0
AF	0	0.584699	7	3	4	1	0	0	1
AF	0	0.590164	3	2	1	1	0	0	1
AF	0	0.595628	6	2	4	1	0	0	1
AF	0	0.601093	6	3	3	0	0	0	0
AF	0	0.606557	3	1	2	0	0	0	0
AF	0	0.612022	4	3	1	0	0	0	0
AF	0	0.617486	6	3	3	0	0	0	0
AF	0	0.639344	6	4	2	1	0	0	1
AF	0	0.644809	0	0	0	1	0	0	1
AF	0	0.650273	0	0	0	1	0	0	1
AF	0	0.661202	18	10	8	3	0	0	3
AF	0	0.677596	1	0	1	0	0	0	0
AF	0	0.683060	2	2	0	1	0	0	1
AF	0	0.699454	2	1	1	1	0	0	1
AF	0	0.704918	1	0	1	0	0	0	0
AF	0	0.710383	3	1	2	0	0	0	0
AF	0	0.715847	1	0	1	0	0	0	0
AF	0	0.721311	0	0	0	1	0	0	1
AF	0	0.726776	2	0	2	0	0	0	0
AF	0	0.732240	1	1	0	0	0	0	0
AF	0	0.743169	17	7	10	1	0	0	1
AF	0	0.770492	3	1	2	1	0	0	1
AF	0	0.775956	0	0	0	1	0	0	1
AF	0	0.792350	1	0	1	0	0	0	0
AF	0	0.852459	1	0	1	0	0	0	0
AF	0	0.857923	3	1	2	0	0	0	0
AF	0	0.923497	0	0	0	1	0	0	1
AF	0	0.939891	1	1	0	0	0	0	0
AF	0	0.994536	38	14	24	2	0	0	2
# QUAL, Stats by quality:
# QUAL	[2]id	[3]Quality	[4]number of SNPs	[5]number of transitions (1st ALT)	[6]number of transversions (1st ALT)	[7]number of indels
QUAL	0	20	36767	20590	16177	9148
QUAL	0	21	37475	20886	16589	8938
QUAL	0	22	38738	21690	17048	9130
QUAL	0	23	40243	22419	17824	9137
QUAL	0	24	42624	24064	18560	9635
QUAL	0	25	45694	25960	19734	9966
QUAL	0	26	49860	28148	21712	10425
QUAL	0	27	54704	31136	23568	10795
QUAL	0	28	60949	34589	26360	11620
QUAL	0	29	68362	38590	29772	12213
QUAL	0	30	78145	43925	34220	13010
QUAL	0	31	90176	50858	39318	14168
QUAL	0	32	103999	58437	45562	15235
QUAL	0	33	120591	67217	53374	16519
QUAL	0	34	139341	78382	60959	18010
QUAL	0	35	161630	91783	69847	19786
QUAL	0	36	186135	105977	80158	21583
QUAL	0	37	212897	122837	90060	23313
QUAL	0	38	243858	142761	101097	25160
QUAL	0	39	275599	163421	112178	27576
QUAL	0	40	310559	186994	123565	29543
QUAL	0	41	346687	212496	134191	32062
QUAL	0	42	383782	239967	143815	33927
QUAL	0	43	420001	268089	151912	36065
QUAL	0	44	454254	295118	159136	38038
QUAL	0	45	483609	320717	162892	39722
QUAL	0	46	508526	344409	164117	40676
QUAL	0	47	523879	362001	161878	41401
QUAL	0	48	531731	375087	156644	40773
QUAL	0	49	528345	379516	148829	40289
QUAL	0	50	510071	373527	136544	38186
QUAL	0	51	481298	356724	124574	35962
QUAL	0	52	440173	331412	108761	32830
QUAL	0	53	394825	300804	94021	29764
QUAL	0	54	341959	263132	78827	26107
QUAL	0	55	290117	224263	65854	22491
QUAL	0	56	238595	185420	53175	18733
QUAL	0	57	192892	150194	42698	15466
QUAL	0	58	154864	120548	34316	12450
QUAL	0	59	122360	95148	27212	9864
QUAL	0	60	96216	74448	21768	7477
QUAL	0	61	75485	58402	17083	5656
QUAL	0	62	57020	44262	12758	4250
QUAL	0	63	41804	32427	9377	3055
QUAL	0	64	30120	23558	6562	2185
QUAL	0	65	20936	16262	4674	1538
QUAL	0	66	14700	11447	3253	1111
QUAL	0	67	9790	7463	2327	637
QUAL	0	68	6413	4788	1625	366
QUAL	0	69	4650	3469	1181	284
QUAL	0	70	3294	2377	917	190
QUAL	0	71	2544	1781	763	134
QUAL	0	72	1192	782	410	44
QUAL	0	73	680	374	306	19
QUAL	0	74	431	205	226	9
QUAL	0	75	345	162	183	9
QUAL	0	76	252	105	147	2
QUAL	0	77	195	87	108	4
QUAL	0	78	146	60	86	0
QUAL	0	79	127	48	79	0
QUAL	0	80	82	37	45	1
QUAL	0	81	71	22	49	1
QUAL	0	82	54	21	33	0
QUAL	0	83	51	17	34	0
QUAL	0	84	36	17	19	0
QUAL	0	85	36	13	23	0
QUAL	0	86	40	20	20	0
QUAL	0	87	22	10	12	0
QUAL	0	88	8	4	4	0
QUAL	0	89	22	9	13	0
QUAL	0	90	11	4	7	0
QUAL	0	91	4	2	2	0
QUAL	0	92	2	2	0	0
QUAL	0	93	12	7	5	0
QUAL	0	95	7	1	6	0
QUAL	0	96	9	2	7	0
QUAL	0	99	1947	912	1035	26
# IDD, InDel distribution:
# IDD	[2]id	[3]length (deletions negative)	[4]number of sites	[5]number of genotypes	[6]mean VAF
IDD	0	-60	32	89	0.63
IDD	0	-59	1	2	0.41
IDD	0	-58	7	9	0.57
IDD	0	-57	11	13	0.52
IDD	0	-56	10	24	0.56
IDD	0	-55	20	73	0.59
IDD	0	-54	21	57	0.64
IDD	0	-53	28	47	0.61
IDD	0	-52	20	50	0.61
IDD	0	-51	43	87	0.56
IDD	0	-50	54	173	0.65
IDD	0	-49	36	40	0.51
IDD	0	-48	40	69	0.55
IDD	0	-47	37	50	0.54
IDD	0	-46	47	60	0.52
IDD	0	-45	57	76	0.55
IDD	0	-44	85	133	0.58
IDD	0	-43	68	104	0.56
IDD	0	-42	90	136	0.57
IDD	0	-41	100	147	0.56
IDD	0	-40	144	232	0.56
IDD	0	-39	102	115	0.53
IDD	0	-38	105	142	0.53
IDD	0	-37	113	131	0.54
IDD	0	-36	149	229	0.55
IDD	0	-35	146	229	0.53
IDD	0	-34	145	206	0.52
IDD	0	-33	168	229	0.54
IDD	0	-32	232	338	0.53
IDD	0	-31	191	233	0.50
IDD	0	-30	285	402	0.54
IDD	0	-29	264	332	0.53
IDD	0	-28	350	479	0.52
IDD	0	-27	366	516	0.52
IDD	0	-26	483	674	0.52
IDD	0	-25	527	775	0.52
IDD	0	-24	707	1062	0.51
IDD	0	-23	596	863	0.52
IDD	0	-22	758	1052	0.51
IDD	0	-21	867	1065	0.52
IDD	0	-20	1051	1447	0.50
IDD	0	-19	984	1442	0.51
IDD	0	-18	1411	1990	0.49
IDD	0	-17	1409	1927	0.51
IDD	0	-16	1899	2621	0.50
IDD	0	-15	2020	2803	0.48
IDD	0	-14	2401	3491	0.50
IDD	0	-13	2400	3236	0.50
IDD	0	-12	3838	5399	0.50
IDD	0	-11	3328	4723	0.50
IDD	0	-10	4518	6367	0.50
IDD	0	-9	4313	5980	0.50
IDD	0	-8	6010	8843	0.49
IDD	0	-7	6266	8994	0.50
IDD	0	-6	12006	17067	0.50
IDD	0	-5	25533	36783	0.50
IDD	0	-4	76247	106707	0.50
IDD	0	-3	62269	86600	0.50
IDD	0	-2	94247	137633	0.49
IDD	0	-1	246855	343993	0.50
IDD	0	1	233546	351920	0.49
IDD	0	2	47329	87238	0.46
IDD	0	3	17268	31431	0.47
IDD	0	4	25313	44388	0.48
IDD	0	5	9061	16706	0.48
IDD	0	6	6780	11960	0.46
IDD	0	7	3392	5850	0.46
IDD	0	8	5052	8338	0.44
IDD	0	9	2411	4062	0.45
IDD	0	10	2332	3904	0.41
IDD	0	11	1101	1840	0.44
IDD	0	12	1943	3139	0.42
IDD	0	13	811	1215	0.43
IDD	0	14	1142	1884	0.42
IDD	0	15	879	1515	0.42
IDD	0	16	1154	1756	0.43
IDD	0	17	729	1083	0.44
IDD	0	18	975	1381	0.44
IDD	0	19	671	963	0.46
IDD	0	20	962	1447	0.45
IDD	0	21	587	791	0.46
IDD	0	22	654	905	0.45
IDD	0	23	481	751	0.47
IDD	0	24	697	984	0.47
IDD	0	25	406	630	0.45
IDD	0	26	457	664	0.46
IDD	0	27	318	391	0.47
IDD	0	28	460	596	0.47
IDD	0	29	253	372	0.49
IDD	0	30	402	567	0.48
IDD	0	31	191	248	0.50
IDD	0	32	312	437	0.48
IDD	0	33	176	236	0.50
IDD	0	34	207	286	0.51
IDD	0	35	146	207	0.48
IDD	0	36	182	299	0.46
IDD	0	37	99	177	0.49
IDD	0	38	136	167	0.49
IDD	0	39	92	140	0.46
IDD	0	40	138	218	0.44
IDD	0	41	91	133	0.47
IDD	0	42	72	96	0.50
IDD	0	43	81	111	0.43
IDD	0	44	66	96	0.46
IDD	0	45	43	53	0.45
IDD	0	46	53	57	0.44
IDD	0	47	50	63	0.45
IDD	0	48	63	83	0.45
IDD	0	49	33	27	0.46
IDD	0	50	39	61	0.43
IDD	0	51	27	40	0.45
IDD	0	52	41	92	0.51
IDD	0	53	31	37	0.46
IDD	0	54	27	30	0.42
IDD	0	55	24	38	0.45
IDD	0	56	21	36	0.45
IDD	0	57	17	22	0.47
IDD	0	58	27	45	0.38
IDD	0	59	14	18	0.43
IDD	0	60	139	199	0.42
# ST, Substitution types:
# ST	[2]id	[3]type	[4]count
ST	0	A>C	354870
ST	0	A>G	1327851
ST	0	A>T	344087
ST	0	C>A	478123
ST	0	C>G	446378
ST	0	C>T	2102514
ST	0	G>A	2105375
ST	0	G>C	446344
ST	0	G>T	479539
ST	0	T>A	347716
ST	0	T>C	1327103
ST	0	T>G	355168
# DP, Depth distribution
# DP	[2]id	[3]bin	[4]number of genotypes	[5]fraction of genotypes (%)	[6]number of sites	[7]fraction of sites (%)
DP	0	0	9015090	0.445742	0	0.000000
DP	0	1	1349585	0.066729	0	0.000000
DP	0	2	2404985	0.118912	0	0.000000
DP	0	3	875475	0.043287	0	0.000000
DP	0	4	2076857	0.102688	0	0.000000
DP	0	5	827713	0.040925	0	0.000000
DP	0	6	1578821	0.078063	0	0.000000
DP	0	7	2690721	0.133040	0	0.000000
DP	0	8	1164319	0.057569	0	0.000000
DP	0	9	3812316	0.188496	0	0.000000
DP	0	10	1706282	0.084365	0	0.000000
DP	0	11	3684827	0.182193	0	0.000000
DP	0	12	6979612	0.345100	0	0.000000
DP	0	13	3090387	0.152801	0	0.000000
DP	0	14	10330204	0.510767	0	0.000000
DP	0	15	4543903	0.224669	0	0.000000
DP	0	16	38714279	1.914190	0	0.000000
DP	0	17	24064496	1.189845	0	0.000000
DP	0	18	27383293	1.353940	0	0.000000
DP	0	19	34676525	1.714547	0	0.000000
DP	0	20	44517667	2.201132	0	0.000000
DP	0	21	58442183	2.889616	0	0.000000
DP	0	22	77799085	3.846699	0	0.000000
DP	0	23	102941674	5.089850	0	0.000000
DP	0	24	131833309	6.518369	0	0.000000
DP	0	25	144730160	7.156041	0	0.000000
DP	0	26	116996648	5.784785	0	0.000000
DP	0	27	102724298	5.079102	0	0.000000
DP	0	28	101833393	5.035052	0	0.000000
DP	0	29	101855013	5.036121	0	0.000000
DP	0	30	100583216	4.973239	0	0.000000
DP	0	31	97562868	4.823900	0	0.000000
DP	0	32	92484880	4.572824	0	0.000000
DP	0	33	84850460	4.195348	0	0.000000
DP	0	34	74697955	3.693367	0	0.000000
DP	0	35	61905126	3.060838	0	0.000000
DP	0	36	48175543	2.381992	0	0.000000
DP	0	37	39880691	1.971862	0	0.000000
DP	0	38	34382939	1.700031	0	0.000000
DP	0	39	29731336	1.470037	0	0.000000
DP	0	40	25764206	1.273886	0	0.000000
DP	0	41	22209665	1.098135	0	0.000000
DP	0	42	19157193	0.947209	0	0.000000
DP	0	43	16428417	0.812287	0	0.000000
DP	0	44	14078664	0.696106	0	0.000000
DP	0	45	11905321	0.588647	0	0.000000
DP	0	46	9986135	0.493755	0	0.000000
DP	0	47	8601673	0.425301	0	0.000000
DP	0	48	7607642	0.376152	0	0.000000
DP	0	49	6743491	0.333425	0	0.000000
DP	0	50	6038250	0.298555	0	0.000000
DP	0	51	5363835	0.265210	0	0.000000
DP	0	52	4779286	0.236307	0	0.000000
DP	0	53	4220687	0.208688	0	0.000000
DP	0	54	3752942	0.185561	0	0.000000
DP	0	55	3273771	0.161868	0	0.000000
DP	0	56	2856923	0.141258	0	0.000000
DP	0	57	2491136	0.123172	0	0.000000
DP	0	58	2203915	0.108970	0	0.000000
DP	0	59	1921968	0.095030	0	0.000000
DP	0	60	1701880	0.084148	0	0.000000
DP	0	61	1471215	0.072743	0	0.000000
DP	0	62	1291224	0.063843	0	0.000000
DP	0	63	1109447	0.054856	0	0.000000
DP	0	64	960638	0.047498	0	0.000000
DP	0	65	816915	0.040392	0	0.000000
DP	0	66	698051	0.034514	0	0.000000
DP	0	67	587675	0.029057	0	0.000000
DP	0	68	508494	0.025142	0	0.000000
DP	0	69	431975	0.021359	0	0.000000
DP	0	70	372147	0.018400	0	0.000000
DP	0	71	317672	0.015707	0	0.000000
DP	0	72	276344	0.013664	0	0.000000
DP	0	73	235258	0.011632	0	0.000000
DP	0	74	206504	0.010210	0	0.000000
DP	0	75	177335	0.008768	0	0.000000
DP	0	76	156308	0.007728	0	0.000000
DP	0	77	135899	0.006719	0	0.000000
DP	0	78	123381	0.006100	0	0.000000
DP	0	79	107600	0.005320	0	0.000000
DP	0	80	99708	0.004930	0	0.000000
DP	0	81	89850	0.004443	0	0.000000
DP	0	82	82543	0.004081	0	0.000000
DP	0	83	75036	0.003710	0	0.000000
DP	0	84	71255	0.003523	0	0.000000
DP	0	85	64531	0.003191	0	0.000000
DP	0	86	60835	0.003008	0	0.000000
DP	0	87	57324	0.002834	0	0.000000
DP	0	88	53921	0.002666	0	0.000000
DP	0	89	50882	0.002516	0	0.000000
DP	0	90	48996	0.002423	0	0.000000
DP	0	91	45942	0.002272	0	0.000000
DP	0	92	44372	0.002194	0	0.000000
DP	0	93	42700	0.002111	0	0.000000
DP	0	94	40759	0.002015	0	0.000000
DP	0	95	39839	0.001970	0	0.000000
DP	0	96	38083	0.001883	0	0.000000
DP	0	97	35974	0.001779	0	0.000000
DP	0	98	34761	0.001719	0	0.000000
DP	0	99	33885	0.001675	0	0.000000
DP	0	100	32469	0.001605	0	0.000000
DP	0	101	31108	0.001538	0	0.000000
DP	0	102	30460	0.001506	0	0.000000
DP	0	103	29014	0.001435	0	0.000000
DP	0	104	28190	0.001394	0	0.000000
DP	0	105	27854	0.001377	0	0.000000
DP	0	106	26292	0.001300	0	0.000000
DP	0	107	26555	0.001313	0	0.000000
DP	0	108	25578	0.001265	0	0.000000
DP	0	109	24683	0.001220	0	0.000000
DP	0	110	23961	0.001185	0	0.000000
DP	0	111	23273	0.001151	0	0.000000
DP	0	112	23089	0.001142	0	0.000000
DP	0	113	21866	0.001081	0	0.000000
DP	0	114	21341	0.001055	0	0.000000
DP	0	115	20544	0.001016	0	0.000000
DP	0	116	20204	0.000999	0	0.000000
DP	0	117	19603	0.000969	0	0.000000
DP	0	118	19316	0.000955	0	0.000000
DP	0	119	18874	0.000933	0	0.000000
DP	0	120	18435	0.000912	0	0.000000
DP	0	121	17912	0.000886	0	0.000000
DP	0	122	17448	0.000863	0	0.000000
DP	0	123	17174	0.000849	0	0.000000
DP	0	124	16596	0.000821	0	0.000000
DP	0	125	16168	0.000799	0	0.000000
DP	0	126	15763	0.000779	0	0.000000
DP	0	127	15364	0.000760	0	0.000000
DP	0	128	14979	0.000741	0	0.000000
DP	0	129	14845	0.000734	0	0.000000
DP	0	130	14686	0.000726	0	0.000000
DP	0	131	14404	0.000712	0	0.000000
DP	0	132	13790	0.000682	0	0.000000
DP	0	133	13842	0.000684	0	0.000000
DP	0	134	13348	0.000660	0	0.000000
DP	0	135	12886	0.000637	0	0.000000
DP	0	136	12669	0.000626	0	0.000000
DP	0	137	12291	0.000608	0	0.000000
DP	0	138	12116	0.000599	0	0.000000
DP	0	139	12009	0.000594	0	0.000000
DP	0	140	11703	0.000579	0	0.000000
DP	0	141	11566	0.000572	0	0.000000
DP	0	142	11220	0.000555	0	0.000000
DP	0	143	11155	0.000552	0	0.000000
DP	0	144	10767	0.000532	0	0.000000
DP	0	145	10516	0.000520	0	0.000000
DP	0	146	10540	0.000521	0	0.000000
DP	0	147	10301	0.000509	0	0.000000
DP	0	148	10311	0.000510	0	0.000000
DP	0	149	9687	0.000479	0	0.000000
DP	0	150	9871	0.000488	0	0.000000
DP	0	151	9783	0.000484	0	0.000000
DP	0	152	9278	0.000459	0	0.000000
DP	0	153	9209	0.000455	0	0.000000
DP	0	154	8986	0.000444	0	0.000000
DP	0	155	8830	0.000437	0	0.000000
DP	0	156	8790	0.000435	0	0.000000
DP	0	157	8459	0.000418	0	0.000000
DP	0	158	8608	0.000426	0	0.000000
DP	0	159	8222	0.000407	0	0.000000
DP	0	160	8065	0.000399	0	0.000000
DP	0	161	8046	0.000398	0	0.000000
DP	0	162	7700	0.000381	0	0.000000
DP	0	163	7662	0.000379	0	0.000000
DP	0	164	7631	0.000377	0	0.000000
DP	0	165	7373	0.000365	0	0.000000
DP	0	166	7367	0.000364	0	0.000000
DP	0	167	7006	0.000346	0	0.000000
DP	0	168	7046	0.000348	0	0.000000
DP	0	169	6835	0.000338	0	0.000000
DP	0	170	6673	0.000330	0	0.000000
DP	0	171	6797	0.000336	0	0.000000
DP	0	172	6502	0.000321	0	0.000000
DP	0	173	6303	0.000312	0	0.000000
DP	0	174	6500	0.000321	0	0.000000
DP	0	175	6359	0.000314	0	0.000000
DP	0	176	6245	0.000309	0	0.000000
DP	0	177	6005	0.000297	0	0.000000
DP	0	178	5830	0.000288	0	0.000000
DP	0	179	5732	0.000283	0	0.000000
DP	0	180	5783	0.000286	0	0.000000
DP	0	181	5390	0.000267	0	0.000000
DP	0	182	5430	0.000268	0	0.000000
DP	0	183	5265	0.000260	0	0.000000
DP	0	184	5100	0.000252	0	0.000000
DP	0	185	5229	0.000259	0	0.000000
DP	0	186	5076	0.000251	0	0.000000
DP	0	187	4790	0.000237	0	0.000000
DP	0	188	4876	0.000241	0	0.000000
DP	0	189	4630	0.000229	0	0.000000
DP	0	190	4668	0.000231	0	0.000000
DP	0	191	4534	0.000224	0	0.000000
DP	0	192	4418	0.000218	0	0.000000
DP	0	193	4306	0.000213	0	0.000000
DP	0	194	4157	0.000206	0	0.000000
DP	0	195	4070	0.000201	0	0.000000
DP	0	196	4128	0.000204	0	0.000000
DP	0	197	3942	0.000195	0	0.000000
DP	0	198	3702	0.000183	0	0.000000
DP	0	199	3773	0.000187	0	0.000000
DP	0	200	3761	0.000186	0	0.000000
DP	0	201	3610	0.000178	0	0.000000
DP	0	202	3513	0.000174	0	0.000000
DP	0	203	3500	0.000173	0	0.000000
DP	0	204	3451	0.000171	0	0.000000
DP	0	205	3350	0.000166	0	0.000000
DP	0	206	3116	0.000154	0	0.000000
DP	0	207	3202	0.000158	0	0.000000
DP	0	208	3044	0.000151	0	0.000000
DP	0	209	3036	0.000150	0	0.000000
DP	0	210	2946	0.000146	0	0.000000
DP	0	211	2905	0.000144	0	0.000000
DP	0	212	2816	0.000139	0	0.000000
DP	0	213	2657	0.000131	0	0.000000
DP	0	214	2638	0.000130	0	0.000000
DP	0	215	2463	0.000122	0	0.000000
DP	0	216	2425	0.000120	0	0.000000
DP	0	217	2517	0.000124	0	0.000000
DP	0	218	2254	0.000111	0	0.000000
DP	0	219	2307	0.000114	0	0.000000
DP	0	220	2267	0.000112	0	0.000000
DP	0	221	2232	0.000110	0	0.000000
DP	0	222	2097	0.000104	0	0.000000
DP	0	223	2155	0.000107	0	0.000000
DP	0	224	2082	0.000103	0	0.000000
DP	0	225	2036	0.000101	0	0.000000
DP	0	226	1930	0.000095	0	0.000000
DP	0	227	1885	0.000093	0	0.000000
DP	0	228	1868	0.000092	0	0.000000
DP	0	229	1837	0.000091	0	0.000000
DP	0	230	1765	0.000087	0	0.000000
DP	0	231	1693	0.000084	0	0.000000
DP	0	232	1655	0.000082	0	0.000000
DP	0	233	1594	0.000079	0	0.000000
DP	0	234	1653	0.000082	0	0.000000
DP	0	235	1581	0.000078	0	0.000000
DP	0	236	1578	0.000078	0	0.000000
DP	0	237	1498	0.000074	0	0.000000
DP	0	238	1431	0.000071	0	0.000000
DP	0	239	1469	0.000073	0	0.000000
DP	0	240	1382	0.000068	0	0.000000
DP	0	241	1404	0.000069	0	0.000000
DP	0	242	1337	0.000066	0	0.000000
DP	0	243	1380	0.000068	0	0.000000
DP	0	244	1264	0.000062	0	0.000000
DP	0	245	1208	0.000060	0	0.000000
DP	0	246	1257	0.000062	0	0.000000
DP	0	247	1175	0.000058	0	0.000000
DP	0	248	1186	0.000059	0	0.000000
DP	0	249	1135	0.000056	0	0.000000
DP	0	250	1185	0.000059	0	0.000000
DP	0	251	1169	0.000058	0	0.000000
DP	0	252	1172	0.000058	0	0.000000
DP	0	253	1060	0.000052	0	0.000000
DP	0	254	1006	0.000050	0	0.000000
DP	0	255	1041	0.000051	0	0.000000
DP	0	256	1008	0.000050	0	0.000000
DP	0	257	996	0.000049	0	0.000000
DP	0	258	1019	0.000050	0	0.000000
DP	0	259	929	0.000046	0	0.000000
DP	0	260	950	0.000047	0	0.000000
DP	0	261	864	0.000043	0	0.000000
DP	0	262	896	0.000044	0	0.000000
DP	0	263	923	0.000046	0	0.000000
DP	0	264	833	0.000041	0	0.000000
DP	0	265	880	0.000044	0	0.000000
DP	0	266	891	0.000044	0	0.000000
DP	0	267	862	0.000043	0	0.000000
DP	0	268	863	0.000043	0	0.000000
DP	0	269	836	0.000041	0	0.000000
DP	0	270	800	0.000040	0	0.000000
DP	0	271	756	0.000037	0	0.000000
DP	0	272	773	0.000038	0	0.000000
DP	0	273	767	0.000038	0	0.000000
DP	0	274	735	0.000036	0	0.000000
DP	0	275	752	0.000037	0	0.000000
DP	0	276	760	0.000038	0	0.000000
DP	0	277	658	0.000033	0	0.000000
DP	0	278	719	0.000036	0	0.000000
DP	0	279	635	0.000031	0	0.000000
DP	0	280	654	0.000032	0	0.000000
DP	0	281	610	0.000030	0	0.000000
DP	0	282	660	0.000033	0	0.000000
DP	0	283	608	0.000030	0	0.000000
DP	0	284	577	0.000029	0	0.000000
DP	0	285	581	0.000029	0	0.000000
DP	0	286	636	0.000031	0	0.000000
DP	0	287	540	0.000027	0	0.000000
DP	0	288	606	0.000030	0	0.000000
DP	0	289	573	0.000028	0	0.000000
DP	0	290	491	0.000024	0	0.000000
DP	0	291	575	0.000028	0	0.000000
DP	0	292	512	0.000025	0	0.000000
DP	0	293	555	0.000027	0	0.000000
DP	0	294	560	0.000028	0	0.000000
DP	0	295	554	0.000027	0	0.000000
DP	0	296	566	0.000028	0	0.000000
DP	0	297	508	0.000025	0	0.000000
DP	0	298	474	0.000023	0	0.000000
DP	0	299	508	0.000025	0	0.000000
DP	0	300	444	0.000022	0	0.000000
DP	0	301	475	0.000023	0	0.000000
DP	0	302	451	0.000022	0	0.000000
DP	0	303	458	0.000023	0	0.000000
DP	0	304	411	0.000020	0	0.000000
DP	0	305	458	0.000023	0	0.000000
DP	0	306	413	0.000020	0	0.000000
DP	0	307	460	0.000023	0	0.000000
DP	0	308	397	0.000020	0	0.000000
DP	0	309	394	0.000019	0	0.000000
DP	0	310	379	0.000019	0	0.000000
DP	0	311	392	0.000019	0	0.000000
DP	0	312	395	0.000020	0	0.000000
DP	0	313	366	0.000018	0	0.000000
DP	0	314	410	0.000020	0	0.000000
DP	0	315	403	0.000020	0	0.000000
DP	0	316	387	0.000019	0	0.000000
DP	0	317	378	0.000019	0	0.000000
DP	0	318	384	0.000019	0	0.000000
DP	0	319	327	0.000016	0	0.000000
DP	0	320	365	0.000018	0	0.000000
DP	0	321	370	0.000018	0	0.000000
DP	0	322	357	0.000018	0	0.000000
DP	0	323	347	0.000017	0	0.000000
DP	0	324	327	0.000016	0	0.000000
DP	0	325	302	0.000015	0	0.000000
DP	0	326	351	0.000017	0	0.000000
DP	0	327	317	0.000016	0	0.000000
DP	0	328	286	0.000014	0	0.000000
DP	0	329	298	0.000015	0	0.000000
DP	0	330	310	0.000015	0	0.000000
DP	0	331	333	0.000016	0	0.000000
DP	0	332	334	0.000017	0	0.000000
DP	0	333	267	0.000013	0	0.000000
DP	0	334	311	0.000015	0	0.000000
DP	0	335	300	0.000015	0	0.000000
DP	0	336	274	0.000014	0	0.000000
DP	0	337	283	0.000014	0	0.000000
DP	0	338	267	0.000013	0	0.000000
DP	0	339	262	0.000013	0	0.000000
DP	0	340	263	0.000013	0	0.000000
DP	0	341	254	0.000013	0	0.000000
DP	0	342	272	0.000013	0	0.000000
DP	0	343	257	0.000013	0	0.000000
DP	0	344	267	0.000013	0	0.000000
DP	0	345	257	0.000013	0	0.000000
DP	0	346	258	0.000013	0	0.000000
DP	0	347	261	0.000013	0	0.000000
DP	0	348	214	0.000011	0	0.000000
DP	0	349	214	0.000011	0	0.000000
DP	0	350	271	0.000013	0	0.000000
DP	0	351	197	0.000010	0	0.000000
DP	0	352	242	0.000012	0	0.000000
DP	0	353	209	0.000010	0	0.000000
DP	0	354	250	0.000012	0	0.000000
DP	0	355	190	0.000009	0	0.000000
DP	0	356	188	0.000009	0	0.000000
DP	0	357	218	0.000011	0	0.000000
DP	0	358	206	0.000010	0	0.000000
DP	0	359	177	0.000009	0	0.000000
DP	0	360	215	0.000011	0	0.000000
DP	0	361	189	0.000009	0	0.000000
DP	0	362	221	0.000011	0	0.000000
DP	0	363	203	0.000010	0	0.000000
DP	0	364	222	0.000011	0	0.000000
DP	0	365	205	0.000010	0	0.000000
DP	0	366	210	0.000010	0	0.000000
DP	0	367	171	0.000008	0	0.000000
DP	0	368	210	0.000010	0	0.000000
DP	0	369	225	0.000011	0	0.000000
DP	0	370	181	0.000009	0	0.000000
DP	0	371	160	0.000008	0	0.000000
DP	0	372	201	0.000010	0	0.000000
DP	0	373	171	0.000008	0	0.000000
DP	0	374	185	0.000009	0	0.000000
DP	0	375	177	0.000009	0	0.000000
DP	0	376	175	0.000009	0	0.000000
DP	0	377	171	0.000008	0	0.000000
DP	0	378	160	0.000008	0	0.000000
DP	0	379	174	0.000009	0	0.000000
DP	0	380	164	0.000008	0	0.000000
DP	0	381	191	0.000009	0	0.000000
DP	0	382	170	0.000008	0	0.000000
DP	0	383	155	0.000008	0	0.000000
DP	0	384	164	0.000008	0	0.000000
DP	0	385	159	0.000008	0	0.000000
DP	0	386	175	0.000009	0	0.000000
DP	0	387	159	0.000008	0	0.000000
DP	0	388	138	0.000007	0	0.000000
DP	0	389	143	0.000007	0	0.000000
DP	0	390	149	0.000007	0	0.000000
DP	0	391	157	0.000008	0	0.000000
DP	0	392	163	0.000008	0	0.000000
DP	0	393	137	0.000007	0	0.000000
DP	0	394	116	0.000006	0	0.000000
DP	0	395	152	0.000008	0	0.000000
DP	0	396	138	0.000007	0	0.000000
DP	0	397	148	0.000007	0	0.000000
DP	0	398	156	0.000008	0	0.000000
DP	0	399	135	0.000007	0	0.000000
DP	0	400	152	0.000008	0	0.000000
DP	0	401	146	0.000007	0	0.000000
DP	0	402	114	0.000006	0	0.000000
DP	0	403	150	0.000007	0	0.000000
DP	0	404	124	0.000006	0	0.000000
DP	0	405	130	0.000006	0	0.000000
DP	0	406	145	0.000007	0	0.000000
DP	0	407	149	0.000007	0	0.000000
DP	0	408	135	0.000007	0	0.000000
DP	0	409	145	0.000007	0	0.000000
DP	0	410	135	0.000007	0	0.000000
DP	0	411	138	0.000007	0	0.000000
DP	0	412	122	0.000006	0	0.000000
DP	0	413	129	0.000006	0	0.000000
DP	0	414	166	0.000008	0	0.000000
DP	0	415	136	0.000007	0	0.000000
DP	0	416	114	0.000006	0	0.000000
DP	0	417	100	0.000005	0	0.000000
DP	0	418	129	0.000006	0	0.000000
DP	0	419	112	0.000006	0	0.000000
DP	0	420	121	0.000006	0	0.000000
DP	0	421	102	0.000005	0	0.000000
DP	0	422	101	0.000005	0	0.000000
DP	0	423	136	0.000007	0	0.000000
DP	0	424	108	0.000005	0	0.000000
DP	0	425	123	0.000006	0	0.000000
DP	0	426	103	0.000005	0	0.000000
DP	0	427	118	0.000006	0	0.000000
DP	0	428	107	0.000005	0	0.000000
DP	0	429	130	0.000006	0	0.000000
DP	0	430	105	0.000005	0	0.000000
DP	0	431	104	0.000005	0	0.000000
DP	0	432	103	0.000005	0	0.000000
DP	0	433	101	0.000005	0	0.000000
DP	0	434	107	0.000005	0	0.000000
DP	0	435	102	0.000005	0	0.000000
DP	0	436	112	0.000006	0	0.000000
DP	0	437	95	0.000005	0	0.000000
DP	0	438	91	0.000004	0	0.000000
DP	0	439	105	0.000005	0	0.000000
DP	0	440	87	0.000004	0	0.000000
DP	0	441	119	0.000006	0	0.000000
DP	0	442	112	0.000006	0	0.000000
DP	0	443	108	0.000005	0	0.000000
DP	0	444	130	0.000006	0	0.000000
DP	0	445	76	0.000004	0	0.000000
DP	0	446	94	0.000005	0	0.000000
DP	0	447	106	0.000005	0	0.000000
DP	0	448	87	0.000004	0	0.000000
DP	0	449	92	0.000005	0	0.000000
DP	0	450	92	0.000005	0	0.000000
DP	0	451	103	0.000005	0	0.000000
DP	0	452	106	0.000005	0	0.000000
DP	0	453	89	0.000004	0	0.000000
DP	0	454	98	0.000005	0	0.000000
DP	0	455	84	0.000004	0	0.000000
DP	0	456	100	0.000005	0	0.000000
DP	0	457	84	0.000004	0	0.000000
DP	0	458	98	0.000005	0	0.000000
DP	0	459	104	0.000005	0	0.000000
DP	0	460	73	0.000004	0	0.000000
DP	0	461	85	0.000004	0	0.000000
DP	0	462	90	0.000004	0	0.000000
DP	0	463	82	0.000004	0	0.000000
DP	0	464	81	0.000004	0	0.000000
DP	0	465	86	0.000004	0	0.000000
DP	0	466	83	0.000004	0	0.000000
DP	0	467	70	0.000003	0	0.000000
DP	0	468	69	0.000003	0	0.000000
DP	0	469	79	0.000004	0	0.000000
DP	0	470	103	0.000005	0	0.000000
DP	0	471	60	0.000003	0	0.000000
DP	0	472	70	0.000003	0	0.000000
DP	0	473	94	0.000005	0	0.000000
DP	0	474	71	0.000004	0	0.000000
DP	0	475	81	0.000004	0	0.000000
DP	0	476	63	0.000003	0	0.000000
DP	0	477	65	0.000003	0	0.000000
DP	0	478	60	0.000003	0	0.000000
DP	0	479	57	0.000003	0	0.000000
DP	0	480	74	0.000004	0	0.000000
DP	0	481	62	0.000003	0	0.000000
DP	0	482	67	0.000003	0	0.000000
DP	0	483	57	0.000003	0	0.000000
DP	0	484	62	0.000003	0	0.000000
DP	0	485	70	0.000003	0	0.000000
DP	0	486	76	0.000004	0	0.000000
DP	0	487	49	0.000002	0	0.000000
DP	0	488	65	0.000003	0	0.000000
DP	0	489	59	0.000003	0	0.000000
DP	0	490	47	0.000002	0	0.000000
DP	0	491	67	0.000003	0	0.000000
DP	0	492	61	0.000003	0	0.000000
DP	0	493	61	0.000003	0	0.000000
DP	0	494	63	0.000003	0	0.000000
DP	0	495	67	0.000003	0	0.000000
DP	0	496	66	0.000003	0	0.000000
DP	0	497	62	0.000003	0	0.000000
DP	0	498	70	0.000003	0	0.000000
DP	0	499	43	0.000002	0	0.000000
DP	0	500	61	0.000003	0	0.000000
DP	0	>500	6846	0.000338	0	0.000000
# PSC, Per-sample counts. Note that the ref/het/hom counts include only SNPs, for indels see PSI. The rest include both SNPs and indels.
# PSC	[2]id	[3]sample	[4]nRefHom	[5]nNonRefHom	[6]nHets	[7]nTransitions	[8]nTransversions	[9]nIndels	[10]average depth	[11]nSingletons	[12]nHapRef	[13]nHapAlt	[14]nMissing
PSC	0	066GCD001_father	10854330	2706	65367	45614	22459	6579	22.6	16673	0	0	122872
PSC	0	066NNC001_father	10830066	6404	72772	51537	27639	8035	19.9	23141	0	0	134577
PSC	0	066NNC001_mother	10856760	1263	67664	46268	22659	6763	24.5	17337	0	0	119402
PSC	0	066NNC002_father	10858309	2757	64954	45373	22338	6722	24.2	16801	0	0	119112
PSC	0	066NNC002_mother	10831334	1411	66671	45502	22580	6577	23.2	17395	0	0	145861
PSC	0	066NNC002_proband	10843580	1368	67670	46406	22632	6823	23.3	583	0	0	132413
PSC	0	BRC288_F	10912997	2917	65500	45873	22544	6915	26.4	16828	0	0	63524
PSC	0	BRC288_M	10888572	1739	69088	47561	23266	6993	26.7	17403	0	0	85460
PSC	0	BRC300_F	10902592	3088	66721	46825	22984	6836	26.5	17399	0	0	72617
PSC	0	BRC300_M	10882263	1461	69142	47395	23208	6795	26.5	18087	0	0	92193
PSC	0	BRC300_P	10882706	1456	70247	48017	23686	6979	25.9	495	0	0	90466
PSC	0	G164036X	10869808	795	66010	45325	21480	6587	26.9	323	0	0	108653
PSC	0	G166134P	10863820	2136	62927	44129	20934	6911	23.1	407	0	0	116060
PSC	0	G166377N	10874723	1987	63171	44159	20999	6429	25.7	16740	0	0	105544
PSC	0	G166378J	10856528	738	66459	45420	21777	6529	25.1	16774	0	0	121598
PSC	0	G166943X	10888486	486	64317	44286	20517	6215	20.9	227	0	0	92350
PSC	0	G166944A	10891994	480	63619	43814	20285	6144	23.3	17059	0	0	89617
PSC	0	G166945S	10915263	1907	61147	43012	20042	6077	25.0	17073	0	0	67459
PSC	0	G168066S	10885672	2278	67483	47052	22709	6906	31.9	322	0	0	89512
PSC	0	G168067T	10839786	2125	64399	45289	21235	6981	24.2	506	0	0	138563
PSC	0	G168337R	10835584	1617	104535	72059	34093	10141	24.1	44269	0	0	99974
PSC	0	G168338P	10857484	5179	99260	70830	33609	10018	25.2	43018	0	0	79910
PSC	0	G168339L	10850387	4457	100795	71231	34021	10174	21.6	411	0	0	86040
PSC	0	G168389S	10904702	1666	62684	43997	20353	6272	25.8	246	0	0	76527
PSC	0	G168391N	10886132	440	63565	43776	20229	6104	27.1	16906	0	0	95612
PSC	0	G168392J	10878285	1926	63893	44533	21286	6401	21.6	18817	0	0	101346
PSC	0	G168830H	10877492	2457	66513	46581	22389	6934	30.2	19681	0	0	98455
PSC	0	G168831R	10856471	844	68541	46876	22509	6609	27.0	19498	0	0	119387
PSC	0	G168894F	10851785	1168	65610	44998	21780	7316	30.1	399	0	0	125975
PSC	0	G168895G	10850509	1206	66323	45618	21911	7414	32.9	18047	0	0	126402
PSC	0	G168898V	10868252	2720	62829	44136	21413	7618	28.5	17462	0	0	110435
PSC	0	G169058H	10860046	1017	65845	45265	21597	6575	29.0	17687	0	0	118370
PSC	0	G169059R	10886599	2590	66146	46470	22266	6675	41.2	18461	0	0	89843
PSC	0	G169060D	10856417	2178	68827	47954	23051	6704	35.8	419	0	0	117727
PSC	0	G169119B	10862126	2580	71537	50503	23614	7130	28.7	23662	0	0	108480
PSC	0	G169123G	10851239	2093	72399	50430	24062	7217	26.7	309	0	0	118904
PSC	0	G169125Q	10852704	804	74279	50808	24275	7352	25.7	22375	0	0	116712
PSC	0	G169127Y	10838161	721	76218	52578	24361	8107	24.2	484	0	0	128644
PSC	0	G169129A	10854899	2289	72356	50975	23670	7819	23.6	22650	0	0	114488
PSC	0	G169132N	10837356	668	79162	54485	25345	8254	23.8	26250	0	0	126412
PSC	0	G169133J	10836455	1000	85120	58548	27572	8434	28.1	389	0	0	120843
PSC	0	G169134H	10866187	2578	80037	56195	26420	7991	35.2	26811	0	0	95059
PSC	0	G169135R	10839582	945	84018	58008	26955	8370	26.7	27761	0	0	118938
PSC	0	G169136P	10827700	795	97024	66201	31618	9924	27.9	395	0	0	116411
PSC	0	G169137L	10864869	2752	76864	54118	25498	7737	26.7	25227	0	0	99632
PSC	0	G169138B	10808933	1336	115785	79154	37967	12114	35.6	51015	0	0	113686
PSC	0	G169143K	10838194	806	83885	57418	27273	8185	27.6	394	0	0	120784
PSC	0	G169144Q	10868768	2463	78652	54998	26117	7946	27.8	24817	0	0	94025
PSC	0	G169145V	10846667	1652	79408	55052	26008	7724	26.4	25850	0	0	116403
PSC	0	G169146Y	10829916	780	112792	76649	36923	11193	24.8	446	0	0	97172
PSC	0	G169147X	10849038	3558	110904	77223	37239	11243	28.2	50009	0	0	77108
PSC	0	G169148A	10833327	856	107393	73262	34987	10758	23.4	44775	0	0	99519
PSC	0	G169487V	10874934	2318	66647	46676	22289	6718	27.1	331	0	0	101237
PSC	0	G169488Y	10852836	868	71660	49298	23230	7033	24.0	20288	0	0	119457
PSC	0	G169489X	10878334	2373	62884	44018	21239	6412	30.0	17362	0	0	101850
PSC	0	G169659Y	10888191	2239	64109	44911	21437	6515	30.9	331	0	0	90799
PSC	0	G169660X	10868920	869	65724	45060	21533	6419	25.0	16488	0	0	109920
PSC	0	G169661A	10882522	2203	65423	45781	21845	6598	26.6	19907	0	0	95108
PSC	0	G169888X	10883069	2269	62611	44038	20842	6293	27.5	16698	0	0	97611
PSC	0	G169890S	10863429	852	65671	45120	21403	6524	26.0	17441	0	0	115377
PSC	0	G172902D	10863369	913	65544	45091	21366	6638	28.7	18097	0	0	115390
PSC	0	G172903F	10844378	786	65185	44961	21010	7015	22.6	17328	0	0	134490
PSC	0	G172904G	10869101	1937	63261	44370	20828	6967	23.1	411	0	0	110588
PSC	0	G172906Q	10866069	2016	63113	44208	20921	6908	22.7	17586	0	0	113748
PSC	0	G172915H	10878929	2159	62968	44104	21023	6408	29.4	315	0	0	101390
PSC	0	G172918L	10867438	1908	62667	43772	20803	6127	23.3	17268	0	0	113713
PSC	0	G173406T	10790277	1744	66359	46245	21858	6985	22.1	17523	0	0	186489
PSC	0	G173407N	10838839	1955	62973	44215	20713	6695	23.0	17522	0	0	141392
PSC	0	G174449A	10836609	4383	85011	60647	28747	8833	27.2	31094	0	0	117017
PSC	0	G174450S	10880450	2889	68466	47879	23476	7161	31.2	21110	0	0	92887
PSC	0	G174451T	10846582	789	82825	56493	27121	8197	28.1	340	0	0	113459
PSC	0	G176987D	10775892	2050	94579	65814	30815	9757	22.5	425	0	0	169576
PSC	0	G176988F	10822196	3432	91530	64622	30340	9491	30.1	31875	0	0	125204
PSC	0	G176989G	10828733	3113	94387	66349	31151	9766	29.2	33031	0	0	115853
PSC	0	G177312G	10848930	1010	67958	46523	22445	6943	29.6	284	0	0	127012
PSC	0	G177313K	10870610	2446	65307	45853	21900	6682	30.9	17289	0	0	106809
PSC	0	G177317X	10844035	840	67165	45978	22027	6887	25.3	17936	0	0	132926
PSC	0	G177326L	10846743	986	66161	45597	21550	7214	30.3	16963	0	0	130746
PSC	0	G177328W	10865262	2397	64062	45030	21429	7320	30.8	17909	0	0	112811
PSC	0	G177329D	10869211	2438	63286	44448	21276	7192	32.2	397	0	0	109726
PSC	0	G177556W	10859618	835	68577	46827	22585	6996	29.1	279	0	0	115827
PSC	0	G177874H	10862320	2446	77093	53830	25709	7983	27.7	328	0	0	102012
PSC	0	G177875R	10848531	952	81876	55963	26865	8161	28.3	26302	0	0	112332
PSC	0	G177876P	10856772	2878	79582	56063	26397	8290	27.8	28145	0	0	104331
PSC	0	G177877L	10853312	1091	76853	52987	24957	7877	26.9	415	0	0	112719
PSC	0	G177878B	10856146	903	80575	55362	26116	8254	30.1	26298	0	0	105976
PSC	0	G177879W	10870181	2386	74949	52491	24844	7819	26.3	24639	0	0	96517
PSC	0	G177882G	10819429	705	79840	54587	25958	7816	20.3	23812	0	0	144063
PSC	0	G177884Q	10840318	2556	75049	52693	24912	7584	19.8	467	0	0	126347
PSC	0	G180469V	10879717	2491	64975	45635	21831	6870	29.7	17170	0	0	97796
PSC	0	G180471X	10861768	956	67538	46325	22169	6660	28.9	17614	0	0	114932
PSC	0	G180905Q	10865679	918	68346	46885	22379	6777	29.4	256	0	0	110133
PSC	0	G180906V	10886759	2346	65038	45461	21923	6568	31.6	17640	0	0	91141
PSC	0	G180907Y	10870880	753	67277	46233	21797	6795	29.0	18846	0	0	106146
PSC	0	G182072J	10841316	564	68521	46539	22546	6813	25.1	17370	0	0	134639
PSC	0	G182073H	10855834	1608	66363	46051	21920	6568	27.2	18914	0	0	121480
PSC	0	G182074R	10851716	1781	65891	45718	21954	6639	24.8	360	0	0	125825
PSC	0	G182682R	10849542	1099	67214	46232	22081	6916	32.0	295	0	0	127082
PSC	0	G182683P	10861992	1136	67230	46177	22189	6816	39.8	18374	0	0	114679
PSC	0	G182684L	10884043	2797	64009	45162	21644	6857	46.9	16201	0	0	94148
PSC	0	G183363N	10848924	2484	75085	52627	24942	7564	26.7	23587	0	0	117796
PSC	0	G183875T	10871451	2439	65630	45885	22184	6548	27.3	281	0	0	105785
PSC	0	G183876N	10868999	2281	64885	45379	21787	6490	26.3	19160	0	0	109198
PSC	0	G183877J	10858245	913	69103	47222	22794	6893	28.4	20428	0	0	116699
PSC	0	G183878H	10867003	2339	64696	45318	21717	7268	30.5	17474	0	0	110546
PSC	0	G183879R	10844113	924	67582	46320	22186	7352	27.0	17400	0	0	131883
PSC	0	G183880P	10867371	2672	65685	46172	22185	7223	34.8	429	0	0	108902
PSC	0	G184742K	10846865	1188	67576	46597	22167	7546	31.1	18479	0	0	128679
PSC	0	G184743Q	10866630	2417	65939	46075	22281	7451	32.1	17368	0	0	109416
PSC	0	G184744V	10854266	1302	67981	46890	22393	7491	32.7	437	0	0	120814
PSC	0	G185725B	10875219	2225	64713	45360	21578	6734	30.5	340	0	0	102962
PSC	0	G185726W	10892442	2566	63475	44634	21407	6501	35.7	16844	0	0	86870
PSC	0	G185727D	10856829	796	66454	45575	21675	6660	29.7	17475	0	0	121113
PSC	0	G186229A	10828538	1796	100292	69392	32696	10180	32.2	468	0	0	111045
PSC	0	G186230S	10845437	2751	94701	66093	31359	9838	31.1	33311	0	0	99125
PSC	0	G186231T	10817045	945	105121	72464	33602	10442	26.2	40068	0	0	118300
PSC	0	G190635Y	10870259	2276	67671	47286	22661	6856	28.8	285	0	0	104791
PSC	0	G190636X	10858969	892	70091	47897	23086	7042	30.1	18942	0	0	114859
PSC	0	G190637A	10873337	2823	67151	47352	22622	6815	29.7	20091	0	0	101728
PSC	0	G192098Y	10848230	747	66991	45841	21897	6785	22.9	286	0	0	129099
PSC	0	G192100A	10860125	950	66529	45401	22078	6802	27.7	17300	0	0	117448
PSC	0	G192103N	10878471	2531	63766	44670	21627	6815	32.2	16132	0	0	100270
PSC	0	G192104J	10862341	1083	68160	46667	22576	6918	32.9	327	0	0	113351
PSC	0	G195881A	10878071	1260	67879	46669	22470	6878	28.6	299	0	0	97764
PSC	0	G196471S	10856887	1010	67259	45935	22334	6908	31.7	19901	0	0	119788
PSC	0	G196472T	10864941	2267	66579	46584	22262	6724	26.9	19253	0	0	111342
PSC	0	G196474J	10855093	1151	68540	46902	22789	6922	31.4	271	0	0	120146
PSC	0	G197460T	10851455	945	67832	46460	22317	6824	33.3	306	0	0	124797
PSC	0	G197461N	10866866	2083	62255	43536	20802	6393	28.2	16919	0	0	114255
PSC	0	G197462J	10849823	1285	68493	47237	22541	6863	31.0	17273	0	0	125389
PSC	0	G197473Q	10870938	2192	63999	44877	21314	6662	26.8	235	0	0	108063
PSC	0	G197474V	10878097	2396	64021	44981	21436	6685	32.1	17690	0	0	100653
PSC	0	G197475Y	10854252	1141	67862	46886	22117	7025	35.2	18387	0	0	121574
PSC	0	G201036R	10860885	1149	66752	45981	21920	6922	34.2	341	0	0	116146
PSC	0	G201037P	10859634	1106	67511	46468	22149	6857	33.0	18001	0	0	116746
PSC	0	G201040W	10864607	2105	64067	44717	21455	6660	23.9	17592	0	0	114415
PSC	0	G201046V	10857971	1224	67351	46265	22310	6873	38.3	311	0	0	118435
PSC	0	G201047Y	10859525	1144	66641	45536	22249	6890	35.6	17524	0	0	117654
PSC	0	G201048X	10870631	2645	66476	46913	22208	6811	33.8	18942	0	0	105291
PSC	0	G201051T	10874666	2179	66875	46744	22310	6887	32.7	245	0	0	101247
PSC	0	G201052N	10874496	2261	66681	46516	22426	6871	30.2	17583	0	0	101544
PSC	0	G201053J	10850824	753	67402	46031	22124	6649	24.9	17477	0	0	126226
PSC	0	G201054H	10852864	895	67246	46040	22101	6844	29.0	271	0	0	124005
PSC	0	G201055R	10874717	2351	64800	45258	21893	6763	32.2	17654	0	0	103222
PSC	0	G201056P	10851420	808	67881	46382	22307	6966	28.9	17871	0	0	124777
PSC	0	G201060D	10845149	854	66636	45820	21670	6603	29.3	249	0	0	132610
PSC	0	G201061F	10866891	2223	63619	44582	21260	6507	29.4	16354	0	0	112613
PSC	0	G201062G	10849984	846	66026	45455	21417	6514	29.4	18017	0	0	128482
PSC	0	G202333D	10859343	1072	67634	46247	22459	6969	31.5	358	0	0	116836
PSC	0	G203580J	10856404	857	66078	45286	21649	6670	36.4	16993	0	0	121845
PSC	0	G203581H	10861348	2284	65515	45813	21986	6696	27.6	17129	0	0	116010
PSC	0	G203582R	10841705	840	67356	45998	22198	6824	26.7	333	0	0	135129
PSC	0	G203584L	10843886	825	67601	45954	22472	6819	25.4	17742	0	0	132723
PSC	0	G203878Y	10883142	2699	67959	47491	23167	7169	53.0	464	0	0	90884
PSC	0	O1823097	10875232	1044	68575	47107	22512	7009	28.2	18380	0	0	99994
PSC	0	O1823098	10903016	3073	63839	45140	21772	6445	29.1	16396	0	0	75479
PSC	0	T11272	10863198	5620	75160	52613	28167	7620	23.6	1990	0	0	100255
PSC	0	T11273	10864743	5644	73560	51376	27828	7540	24.0	20758	0	0	100364
PSC	0	T11274	10880103	6476	74277	52452	28301	7681	24.1	20885	0	0	83316
# PSI, Per-Sample Indels. Note that alt-het genotypes with both ins and del allele are counted twice, in both nInsHets and nDelHets.
# PSI	[2]id	[3]sample	[4]in-frame	[5]out-frame	[6]not applicable	[7]out/(in+out) ratio	[8]nInsHets	[9]nDelHets	[10]nInsAltHoms	[11]nDelAltHoms
PSI	0	066GCD001_father	0	0	0	0.00	2704	3709	76	90
PSI	0	066NNC001_father	0	0	0	0.00	3545	4194	143	153
PSI	0	066NNC001_mother	0	0	0	0.00	2878	3798	46	41
PSI	0	066NNC002_father	0	0	0	0.00	2808	3704	99	111
PSI	0	066NNC002_mother	0	0	0	0.00	2814	3657	63	43
PSI	0	066NNC002_proband	0	0	0	0.00	2926	3786	68	43
PSI	0	BRC288_F	0	0	0	0.00	2833	3826	119	137
PSI	0	BRC288_M	0	0	0	0.00	2817	4023	82	71
PSI	0	BRC300_F	0	0	0	0.00	2811	3763	127	135
PSI	0	BRC300_M	0	0	0	0.00	2811	3882	62	40
PSI	0	BRC300_P	0	0	0	0.00	2915	3943	62	59
PSI	0	G164036X	0	0	0	0.00	2709	3773	62	43
PSI	0	G166134P	0	0	0	0.00	2947	3789	74	101
PSI	0	G166377N	0	0	0	0.00	2672	3566	92	99
PSI	0	G166378J	0	0	0	0.00	2721	3739	38	31
PSI	0	G166943X	0	0	0	0.00	2420	3760	17	18
PSI	0	G166944A	0	0	0	0.00	2441	3647	29	27
PSI	0	G166945S	0	0	0	0.00	2290	3633	65	89
PSI	0	G168066S	0	0	0	0.00	2766	3941	103	96
PSI	0	G168067T	0	0	0	0.00	3027	3768	65	121
PSI	0	G168337R	0	0	0	0.00	4166	5837	59	79
PSI	0	G168338P	0	0	0	0.00	4025	5528	211	254
PSI	0	G168339L	0	0	0	0.00	4077	5688	165	244
PSI	0	G168389S	0	0	0	0.00	2454	3644	69	105
PSI	0	G168391N	0	0	0	0.00	2464	3599	20	21
PSI	0	G168392J	0	0	0	0.00	2590	3628	85	98
PSI	0	G168830H	0	0	0	0.00	2754	3933	120	127
PSI	0	G168831R	0	0	0	0.00	2688	3841	40	40
PSI	0	G168894F	0	0	0	0.00	3412	3811	62	31
PSI	0	G168895G	0	0	0	0.00	3509	3818	54	33
PSI	0	G168898V	0	0	0	0.00	3582	3818	100	118
PSI	0	G169058H	0	0	0	0.00	2736	3769	36	34
PSI	0	G169059R	0	0	0	0.00	2672	3801	81	121
PSI	0	G169060D	0	0	0	0.00	2752	3815	59	78
PSI	0	G169119B	0	0	0	0.00	2896	4007	100	127
PSI	0	G169123G	0	0	0	0.00	2948	4056	110	103
PSI	0	G169125Q	0	0	0	0.00	3011	4263	50	28
PSI	0	G169127Y	0	0	0	0.00	3505	4507	50	45
PSI	0	G169129A	0	0	0	0.00	3364	4265	78	112
PSI	0	G169132N	0	0	0	0.00	3532	4649	43	30
PSI	0	G169133J	0	0	0	0.00	3514	4846	44	30
PSI	0	G169134H	0	0	0	0.00	3226	4511	118	136
PSI	0	G169135R	0	0	0	0.00	3484	4788	48	50
PSI	0	G169136P	0	0	0	0.00	4067	5753	52	52
PSI	0	G169137L	0	0	0	0.00	3093	4385	115	144
PSI	0	G169138B	0	0	0	0.00	4989	6970	69	86
PSI	0	G169143K	0	0	0	0.00	3448	4667	37	33
PSI	0	G169144Q	0	0	0	0.00	3227	4452	114	153
PSI	0	G169145V	0	0	0	0.00	3226	4354	71	73
PSI	0	G169146Y	0	0	0	0.00	4532	6558	56	47
PSI	0	G169147X	0	0	0	0.00	4458	6397	155	233
PSI	0	G169148A	0	0	0	0.00	4383	6292	44	39
PSI	0	G169487V	0	0	0	0.00	2686	3813	106	113
PSI	0	G169488Y	0	0	0	0.00	2902	4060	46	25
PSI	0	G169489X	0	0	0	0.00	2590	3584	102	136
PSI	0	G169659Y	0	0	0	0.00	2689	3576	106	144
PSI	0	G169660X	0	0	0	0.00	2653	3676	52	38
PSI	0	G169661A	0	0	0	0.00	2714	3693	97	94
PSI	0	G169888X	0	0	0	0.00	2527	3552	92	122
PSI	0	G169890S	0	0	0	0.00	2750	3683	53	38
PSI	0	G172902D	0	0	0	0.00	2760	3808	37	33
PSI	0	G172903F	0	0	0	0.00	2943	3988	34	50
PSI	0	G172904G	0	0	0	0.00	2974	3817	66	110
PSI	0	G172906Q	0	0	0	0.00	2969	3753	75	111
PSI	0	G172915H	0	0	0	0.00	2614	3609	93	92
PSI	0	G172918L	0	0	0	0.00	2499	3444	81	103
PSI	0	G173406T	0	0	0	0.00	2956	3913	50	66
PSI	0	G173407N	0	0	0	0.00	2920	3603	79	93
PSI	0	G174449A	0	0	0	0.00	3619	4828	151	235
PSI	0	G174450S	0	0	0	0.00	2865	4030	111	155
PSI	0	G174451T	0	0	0	0.00	3435	4671	46	45
PSI	0	G176987D	0	0	0	0.00	4093	5484	77	103
PSI	0	G176988F	0	0	0	0.00	3869	5335	112	175
PSI	0	G176989G	0	0	0	0.00	4037	5459	110	160
PSI	0	G177312G	0	0	0	0.00	2789	4064	59	31
PSI	0	G177313K	0	0	0	0.00	2712	3756	89	125
PSI	0	G177317X	0	0	0	0.00	2834	3969	43	41
PSI	0	G177326L	0	0	0	0.00	3310	3803	47	54
PSI	0	G177328W	0	0	0	0.00	3328	3790	97	105
PSI	0	G177329D	0	0	0	0.00	3202	3775	91	124
PSI	0	G177556W	0	0	0	0.00	2926	3991	43	36
PSI	0	G177874H	0	0	0	0.00	3280	4488	96	119
PSI	0	G177875R	0	0	0	0.00	3447	4609	67	38
PSI	0	G177876P	0	0	0	0.00	3398	4598	129	165
PSI	0	G177877L	0	0	0	0.00	3267	4519	50	41
PSI	0	G177878B	0	0	0	0.00	3436	4738	49	31
PSI	0	G177879W	0	0	0	0.00	3187	4374	114	144
PSI	0	G177882G	0	0	0	0.00	3159	4583	40	34
PSI	0	G177884Q	0	0	0	0.00	3120	4211	91	162
PSI	0	G180469V	0	0	0	0.00	2783	3854	113	120
PSI	0	G180471X	0	0	0	0.00	2773	3799	51	37
PSI	0	G180905Q	0	0	0	0.00	2888	3805	52	32
PSI	0	G180906V	0	0	0	0.00	2697	3645	117	109
PSI	0	G180907Y	0	0	0	0.00	2860	3838	55	42
PSI	0	G182072J	0	0	0	0.00	2890	3866	33	24
PSI	0	G182073H	0	0	0	0.00	2724	3689	77	78
PSI	0	G182074R	0	0	0	0.00	2776	3704	75	84
PSI	0	G182682R	0	0	0	0.00	2882	3942	47	45
PSI	0	G182683P	0	0	0	0.00	2891	3854	40	31
PSI	0	G182684L	0	0	0	0.00	2740	3856	111	150
PSI	0	G183363N	0	0	0	0.00	3048	4307	101	108
PSI	0	G183875T	0	0	0	0.00	2660	3692	97	99
PSI	0	G183876N	0	0	0	0.00	2655	3644	89	102
PSI	0	G183877J	0	0	0	0.00	2909	3913	38	33
PSI	0	G183878H	0	0	0	0.00	3270	3790	106	102
PSI	0	G183879R	0	0	0	0.00	3337	3919	52	44
PSI	0	G183880P	0	0	0	0.00	3244	3744	105	130
PSI	0	G184742K	0	0	0	0.00	3584	3852	66	44
PSI	0	G184743Q	0	0	0	0.00	3454	3788	92	117
PSI	0	G184744V	0	0	0	0.00	3514	3884	50	43
PSI	0	G185725B	0	0	0	0.00	2749	3790	77	118
PSI	0	G185726W	0	0	0	0.00	2641	3651	102	107
PSI	0	G185727D	0	0	0	0.00	2700	3887	41	32
PSI	0	G186229A	0	0	0	0.00	4289	5739	79	73
PSI	0	G186230S	0	0	0	0.00	4083	5485	119	151
PSI	0	G186231T	0	0	0	0.00	4342	6001	48	51
PSI	0	G190635Y	0	0	0	0.00	2814	3843	88	111
PSI	0	G190636X	0	0	0	0.00	2940	4018	47	37
PSI	0	G190637A	0	0	0	0.00	2822	3755	122	116
PSI	0	G192098Y	0	0	0	0.00	2792	3927	37	29
PSI	0	G192100A	0	0	0	0.00	2837	3859	52	54
PSI	0	G192103N	0	0	0	0.00	2847	3714	110	144
PSI	0	G192104J	0	0	0	0.00	2926	3877	66	49
PSI	0	G195881A	0	0	0	0.00	2888	3879	60	51
PSI	0	G196471S	0	0	0	0.00	2925	3886	52	45
PSI	0	G196472T	0	0	0	0.00	2777	3765	71	111
PSI	0	G196474J	0	0	0	0.00	2960	3855	60	47
PSI	0	G197460T	0	0	0	0.00	2830	3896	54	44
PSI	0	G197461N	0	0	0	0.00	2643	3572	75	103
PSI	0	G197462J	0	0	0	0.00	2829	3932	60	42
PSI	0	G197473Q	0	0	0	0.00	2697	3749	108	108
PSI	0	G197474V	0	0	0	0.00	2730	3698	99	158
PSI	0	G197475Y	0	0	0	0.00	2919	4005	59	42
PSI	0	G201036R	0	0	0	0.00	2922	3885	74	41
PSI	0	G201037P	0	0	0	0.00	2888	3883	45	41
PSI	0	G201040W	0	0	0	0.00	2770	3692	95	103
PSI	0	G201046V	0	0	0	0.00	2760	4000	64	49
PSI	0	G201047Y	0	0	0	0.00	2806	3976	63	45
PSI	0	G201048X	0	0	0	0.00	2712	3860	120	119
PSI	0	G201051T	0	0	0	0.00	2869	3829	88	101
PSI	0	G201052N	0	0	0	0.00	2878	3728	124	141
PSI	0	G201053J	0	0	0	0.00	2730	3837	50	32
PSI	0	G201054H	0	0	0	0.00	2844	3919	43	38
PSI	0	G201055R	0	0	0	0.00	2776	3783	93	111
PSI	0	G201056P	0	0	0	0.00	2904	3960	59	43
PSI	0	G201060D	0	0	0	0.00	2791	3729	43	40
PSI	0	G201061F	0	0	0	0.00	2615	3635	103	154
PSI	0	G201062G	0	0	0	0.00	2751	3691	34	38
PSI	0	G202333D	0	0	0	0.00	2906	3959	58	46
PSI	0	G203580J	0	0	0	0.00	2746	3853	45	26
PSI	0	G203581H	0	0	0	0.00	2694	3770	109	123
PSI	0	G203582R	0	0	0	0.00	2812	3926	46	40
PSI	0	G203584L	0	0	0	0.00	2792	3949	47	31
PSI	0	G203878Y	0	0	0	0.00	2914	4014	115	126
PSI	0	O1823097	0	0	0	0.00	2886	4017	63	43
PSI	0	O1823098	0	0	0	0.00	2628	3575	115	127
PSI	0	T11272	0	0	0	0.00	3120	4182	170	148
PSI	0	T11273	0	0	0	0.00	3111	4143	161	125
PSI	0	T11274	0	0	0	0.00	3061	4164	234	222
# HWE
# HWE	[2]id	[3]1st ALT allele frequency	[4]Number of observations	[5]25th percentile	[6]median	[7]75th percentile
HWE	0	0.000000	9171095	0.000000	0.000000	0.010000
HWE	0	0.005464	1268614	0.010000	0.010000	0.010000
HWE	0	0.010929	350654	0.020000	0.020000	0.030000
HWE	0	0.016393	129198	0.030000	0.030000	0.030000
HWE	0	0.021858	52169	0.030000	0.040000	0.040000
HWE	0	0.027322	20718	0.040000	0.050000	0.050000
HWE	0	0.032787	9955	0.030000	0.060000	0.070000
HWE	0	0.038251	6812	0.030000	0.060000	0.080000
HWE	0	0.043716	4947	0.030000	0.070000	0.090000
HWE	0	0.049180	4188	0.030000	0.080000	0.100000
HWE	0	0.054645	3752	0.040000	0.090000	0.110000
HWE	0	0.060109	3266	0.040000	0.090000	0.120000
HWE	0	0.065574	2949	0.050000	0.100000	0.120000
HWE	0	0.071038	2773	0.040000	0.100000	0.140000
HWE	0	0.076503	2415	0.050000	0.110000	0.150000
HWE	0	0.081967	1961	0.050000	0.120000	0.160000
HWE	0	0.087432	1723	0.040000	0.120000	0.170000
HWE	0	0.092896	1517	0.060000	0.140000	0.170000
HWE	0	0.098361	1399	0.050000	0.140000	0.190000
HWE	0	0.103825	1073	0.060000	0.140000	0.190000
HWE	0	0.109290	996	0.040000	0.120000	0.200000
HWE	0	0.114754	857	0.050000	0.130000	0.210000
HWE	0	0.120219	792	0.040000	0.140000	0.230000
HWE	0	0.125683	554	0.050000	0.160000	0.230000
HWE	0	0.131148	575	0.060000	0.150000	0.250000
HWE	0	0.136612	400	0.050000	0.160000	0.250000
HWE	0	0.142077	528	0.000000	0.130000	0.280000
HWE	0	0.147541	331	0.080000	0.190000	0.290000
HWE	0	0.153005	348	0.020000	0.150000	0.280000
HWE	0	0.158470	261	0.070000	0.210000	0.290000
HWE	0	0.163934	466	0.000000	0.140000	0.330000
HWE	0	0.169399	199	0.060000	0.160000	0.310000
HWE	0	0.174863	207	0.060000	0.190000	0.310000
HWE	0	0.180328	198	0.010000	0.180000	0.330000
HWE	0	0.185792	174	0.090000	0.220000	0.370000
HWE	0	0.191257	149	0.060000	0.220000	0.330000
HWE	0	0.196721	289	0.000000	0.100000	0.390000
HWE	0	0.202186	147	0.080000	0.250000	0.390000
HWE	0	0.207650	85	0.030000	0.260000	0.410000
HWE	0	0.213115	163	0.070000	0.230000	0.420000
HWE	0	0.218579	135	0.000000	0.220000	0.400000
HWE	0	0.224044	85	0.090000	0.270000	0.420000
HWE	0	0.229508	111	0.020000	0.210000	0.400000
HWE	0	0.234973	76	0.060000	0.250000	0.460000
HWE	0	0.240437	47	0.060000	0.270000	0.480000
HWE	0	0.245902	316	0.000000	0.160000	0.490000
HWE	0	0.251366	48	0.120000	0.420000	0.500000
HWE	0	0.256831	51	0.000000	0.290000	0.510000
HWE	0	0.262295	50	0.130000	0.340000	0.460000
HWE	0	0.267760	85	0.000000	0.180000	0.530000
HWE	0	0.273224	72	0.110000	0.190000	0.450000
HWE	0	0.278689	29	0.090000	0.180000	0.420000
HWE	0	0.284153	117	0.000000	0.260000	0.510000
HWE	0	0.289617	45	0.080000	0.240000	0.510000
HWE	0	0.295082	101	0.190000	0.290000	0.590000
HWE	0	0.300546	33	0.160000	0.360000	0.560000
HWE	0	0.306011	79	0.040000	0.190000	0.490000
HWE	0	0.311475	39	0.030000	0.270000	0.520000
HWE	0	0.316940	31	0.070000	0.280000	0.630000
HWE	0	0.322404	23	0.040000	0.460000	0.640000
HWE	0	0.327869	212	0.000000	0.130000	0.660000
HWE	0	0.333333	26	0.120000	0.540000	0.660000
HWE	0	0.338798	23	0.150000	0.300000	0.460000
HWE	0	0.344262	53	0.090000	0.380000	0.530000
HWE	0	0.349727	13	0.040000	0.110000	0.580000
HWE	0	0.355191	49	0.140000	0.420000	0.660000
HWE	0	0.360656	28	0.030000	0.260000	0.570000
HWE	0	0.366120	12	0.030000	0.100000	0.410000
HWE	0	0.371585	68	0.000000	0.240000	0.740000
HWE	0	0.377049	13	0.110000	0.270000	0.370000
HWE	0	0.382514	34	0.040000	0.220000	0.600000
HWE	0	0.387978	17	0.020000	0.070000	0.490000
HWE	0	0.393443	59	0.000000	0.390000	0.790000
HWE	0	0.398907	11	0.020000	0.280000	0.550000
HWE	0	0.404372	14	0.110000	0.450000	0.630000
HWE	0	0.409836	24	0.160000	0.300000	0.820000
HWE	0	0.415301	8	0.000000	0.100000	0.200000
HWE	0	0.420765	17	0.220000	0.380000	0.640000
HWE	0	0.426230	31	0.000000	0.140000	0.840000
HWE	0	0.431694	25	0.490000	0.610000	0.860000
HWE	0	0.437158	20	0.000000	0.340000	0.660000
HWE	0	0.442623	15	0.050000	0.290000	0.690000
HWE	0	0.448087	21	0.330000	0.420000	0.720000
HWE	0	0.453552	17	0.270000	0.410000	0.740000
HWE	0	0.459016	13	0.070000	0.130000	0.490000
HWE	0	0.464481	11	0.050000	0.270000	0.600000
HWE	0	0.469945	6	0.040000	0.410000	0.640000
HWE	0	0.475410	5	0.000000	0.000000	0.040000
HWE	0	0.480874	1	0.960000	0.960000	0.960000
HWE	0	0.497268	236	0.000000	0.530000	0.990000
HWE	0	0.508197	1	0.730000	0.730000	0.730000
HWE	0	0.513661	4	0.030000	0.230000	0.630000
HWE	0	0.519126	9	0.040000	0.100000	0.200000
HWE	0	0.524590	8	0.230000	0.550000	0.710000
HWE	0	0.530055	8	0.000000	0.070000	0.210000
HWE	0	0.535519	8	0.030000	0.450000	0.900000
HWE	0	0.540984	11	0.000000	0.180000	0.630000
HWE	0	0.546448	7	0.000000	0.090000	0.190000
HWE	0	0.551913	9	0.110000	0.220000	0.660000
HWE	0	0.557377	7	0.120000	0.120000	0.610000
HWE	0	0.562842	3	0.040000	0.220000	0.460000
HWE	0	0.568306	5	0.000000	0.470000	0.840000
HWE	0	0.573770	2	0.830000	0.830000	0.830000
HWE	0	0.579235	6	0.040000	0.330000	0.660000
HWE	0	0.584699	8	0.030000	0.270000	0.810000
HWE	0	0.590164	4	0.180000	0.230000	0.300000
HWE	0	0.595628	7	0.000000	0.000000	0.000000
HWE	0	0.601093	6	0.150000	0.170000	0.630000
HWE	0	0.606557	3	0.130000	0.330000	0.550000
HWE	0	0.612022	4	0.000000	0.050000	0.180000
HWE	0	0.617486	6	0.240000	0.370000	0.570000
HWE	0	0.639344	7	0.000000	0.040000	0.140000
HWE	0	0.644809	1	0.090000	0.090000	0.090000
HWE	0	0.650273	1	0.380000	0.380000	0.380000
HWE	0	0.661202	21	0.000000	0.000000	0.330000
HWE	0	0.677596	1	0.000000	0.000000	0.000000
HWE	0	0.683060	3	0.120000	0.120000	0.370000
HWE	0	0.699454	3	0.000000	0.080000	0.080000
HWE	0	0.704918	1	0.150000	0.150000	0.150000
HWE	0	0.710383	3	0.000000	0.280000	0.430000
HWE	0	0.715847	1	0.440000	0.440000	0.440000
HWE	0	0.721311	1	0.000000	0.000000	0.000000
HWE	0	0.726776	2	0.000000	0.000000	0.070000
HWE	0	0.732240	1	0.200000	0.200000	0.200000
HWE	0	0.743169	18	0.240000	0.490000	0.490000
HWE	0	0.770492	4	0.000000	0.040000	0.040000
HWE	0	0.775956	1	0.060000	0.060000	0.060000
HWE	0	0.792350	1	0.190000	0.190000	0.190000
HWE	0	0.852459	1	0.280000	0.280000	0.280000
HWE	0	0.857923	3	0.000000	0.090000	0.090000
HWE	0	0.923497	1	0.000000	0.000000	0.000000
HWE	0	0.939891	1	0.000000	0.000000	0.000000
HWE	0	0.994536	40	0.000000	0.000000	0.000000
